determinant: 1
================ORIGINAL=================
main: [-39.960354, -17.779795, -5.4274144, 13.4745, 40.115498, 163.24565, 188.55482, 115.30791, 126.70848, 175.78325, 66.095703, -19.131735, -135.41957, -223.72011, -201.62935, -245.0499, -188.94629, -137.8968, 39.319664, 60.568745, 66.169708, 92.372345, -111.45064, -148.9807, -158.17949, -108.89038, 19.314289, 13.521325, 41.998623, 98.487259, -4.374506, -47.198124;
 58.813171, -88.905457, -214.49107, -404.61249, -370.27921, -343.03622, -99.092659, 58.669434, -23.43154, -101.24606, 27.497257, -376.34253, -365.21335, -146.91739, 14.608458, 94.060371, 91.89418, 63.57859, 65.239128, 173.30811, 298.01718, 224.54147, 53.0186, 348.92084, 488.76773, 416.59259, -473.6705, -496.47348, -527.19275, -519.61163, -529.68402, -539.48334;
 905.14075, 958.07336, 969.3429, 943.10138, 945.77869, 930.89526, 920.52594, 810.10382, 831.2193, 858.59479, 742.57489, 950.92828, 950.68738, 866.37872, 736.18701, 753.04401, 677.22345, 722.93262, 889.8526, 551.72449, 235.62494, 88.629944, 918.92676, 725.99591, 412.46158, 286.75092, 921.60529, 780.81915, 807.60345, 904.7251, 807.06665, 914.84192]

secondary: [-283.26944, -243.09677, -212.61417, -167.02304, -144.79759, -26.57012, -30.712271, -145.97493, -223.34486, -161.39917, -165.22643, -204.1539, -322.58932, -442.82858, -405.58801, -407.42047, -351.13528, -356.70041, -203.32896, -142.39526, -148.69579, -90.651375, -355.35526, -275.67361, -186.37224, -107.81339, -150.50836, -149.01086, -116.18016, -63.08736, -162.4445, -206.83066;
 -29.25741, -179.25053, -304.64178, -493.52847, -455.56747, -403.14276, -153.05688, -65.456856, -28.936811, -49.678455, -52.332447, -469.3259, -469.04153, -264.71747, -100.67323, -70.747734, -20.301804, -37.030182, -10.118613, 83.363358, 228.54282, 140.17627, -46.515701, 183.93755, 362.70001, 277.84412, -561.84595, -562.58856, -593.14062, -592.72559, -602.60657, -636.35803;
 910.65021, 955.14032, 959.96576, 930.27698, 936.14105, 931.08051, 937.35449, 785.24182, 768.47675, 695.651, 669.56616, 936.10315, 923.841, 830.1145, 700.02362, 611.06848, 670.51892, 605.56659, 902.99152, 558.13452, 243.68748, 111.05359, 917.55634, 649.90417, 362.50061, 257.70895, 907.2572, 761.77979, 785.37787, 887.13788, 782.08618, 886.78949]
=================SVD===================
input: [341179.53, -217085.62, -117752.38;
 -193225.78, 2686227.5, -1355245.2;
 110355.84, -1468734, 1551650.5]

u: [-0.038082238, -0.45233124, 0.89103657;
 0.82074916, 0.49448609, 0.28610215;
 -0.57001811, 0.74221283, 0.35241935]

s: [3650741.2;
 653715.06;
 298263.53]

v: [-0.064230129, -0.25694081, 0.96429032;
 0.83549905, 0.51457167, 0.19276218;
 -0.54572505, 0.81804478, 0.1816228]

R [3 x 3] : 
[0.97788632, 0.096115045, 0.18574214;
 -0.09281636, 0.99533337, -0.026394775;
 -0.18741222, 0.008571066, 0.9822439]
T [1 x 3] :
[68.494812;
 87.99733;
 5.4718018]
================TRANSFORMED=================
main: [-39.960354, -17.779795, -5.4274144, 13.4745, 40.115498, 163.24565, 188.55482, 115.30791, 126.70848, 175.78325, 66.095703, -19.131735, -135.41957, -223.72011, -201.62935, -245.0499, -188.94629, -137.8968, 39.319664, 60.568745, 66.169708, 92.372345, -111.45064, -148.9807, -158.17949, -108.89038, 19.314289, 13.521325, 41.998623, 98.487259, -4.374506, -47.198124;
 58.813171, -88.905457, -214.49107, -404.61249, -370.27921, -343.03622, -99.092659, 58.669434, -23.43154, -101.24606, 27.497257, -376.34253, -365.21335, -146.91739, 14.608458, 94.060371, 91.89418, 63.57859, 65.239128, 173.30811, 298.01718, 224.54147, 53.0186, 348.92084, 488.76773, 416.59259, -473.6705, -496.47348, -527.19275, -519.61163, -529.68402, -539.48334;
 905.14075, 958.07336, 969.3429, 943.10138, 945.77869, 930.89526, 920.52594, 810.10382, 831.2193, 858.59479, 742.57489, 950.92828, 950.68738, 866.37872, 736.18701, 753.04401, 677.22345, 722.93262, 889.8526, 551.72449, 235.62494, 88.629944, 918.92676, 725.99591, 412.46158, 286.75092, 921.60529, 780.81915, 807.60345, 904.7251, 807.06665, 914.84192]

secondary_tf: [-42.176453, -9.0450592, 9.6077576, 30.521393, 56.993179, 176.70505, 197.85687, 65.309036, -9.9538269, 35.101624, 26.258865, -2.3799896, -120.44661, -235.7973, -207.77649, -223.21487, -152.28326, -171.39754, 36.413223, 40.929993, -9.6833344, 13.948452, -113.0442, -62.688873, -11.563469, 37.637989, 35.828796, 10.200516, 43.751846, 114.61159, -3.0106506, -30.211456;
 61.132084, -93.064056, -220.8268, -412.28003, -376.71381, -335.3736, -86.235947, 15.668518, 59.641838, 35.16964, 33.57177, -384.89783, -373.2984, -156.29373, 6.9621429, 39.266022, 82.683167, 68.263794, 72.963936, 169.45645, 322.84296, 233.00215, 50.462788, 279.50946, 456.73505, 367.74951, -481.20386, -478.24225, -512.32178, -519.52252, -517.36261, -549.6004;
 952.78979, 987.67548, 985.62775, 946.3028, 948.22278, 921.54419, 930.62653, 803.56726, 801.91296, 718.59314, 693.66595, 959.19177, 969.34601, 901.56927, 768.21503, 681.43927, 729.71796, 666.81848, 930.44928, 581.09717, 274.6586, 132.74414, 972.93512, 697.07733, 399.573, 281.1918, 920.01111, 776.82983, 793.59418, 883.60059, 798.95032, 909.82373]
Main Body ID: 1
Secondary Body ID: 1
   sub lagging: mc:184156033us sc:184122755us
Sync'd capture: mc:184156033us sc:184156088us
Intrinsic parameters:
[609.60645, 0, 638.15588;
 0, 609.1897, 367.69501;
 0, 0, 1]
[609.60645, 0, 638.15588;
 0, 609.1897, 367.69501;
 0, 0, 1]
Extrinsic parameters:
[0.9999980330467224, 0.001932262326590717, -0.0004167522420175374;
 -0.00187870254740119, 0.9946194291114807, 0.1035791113972664;
 0.0006146518862806261, -0.1035781279206276, 0.9946211576461792]
[-32.0385, -2.00111, 4.04659]
[0.9999977946281433, 0.002092007314786315, 0.0001438027829863131;
 -0.002096720738336444, 0.9965370893478394, 0.08312331140041351;
 3.058975926251151e-05, -0.08312343060970306, 0.9965392351150513]
[-32.0826, -2.4019, 3.96007]
1 bodies detected!
[Body IDs] main >> 1 / sub >> 1
determinant: 1
================ORIGINAL=================
main: [-33.826099, 8.3643351, 38.165123, 83.655296, 105.70326, 227.63857, 217.87704, 127.38806, 126.83073, 173.03511, 75.233147, 46.629124, -70.197311, -172.30853, -158.1194, -163.72704, -184.81602, -104.23949, 45.262054, 101.59184, 90.15419, 156.04463, -105.14336, -136.44315, -163.12361, -100.62263, 100.80766, 113.26054, 143.27348, 188.26064, 97.395363, 44.613327;
 59.112778, -82.850266, -207.1024, -396.68835, -358.72757, -317.71066, -68.991692, 72.435738, -12.846403, -97.280663, 37.255753, -372.14087, -370.42484, -163.63956, 13.023421, 33.665493, 45.696484, 56.180336, 76.581268, 113.49348, 206.11674, 101.40957, 43.360672, 223.57559, 381.3699, 301.62219, -465.99469, -487.04886, -514.32526, -500.47897, -523.44489, -541.44513;
 892.57898, 955.03467, 968.62024, 952.95129, 957.73322, 951.72021, 946.55817, 822.16638, 838.06256, 852.65155, 742.79218, 955.23517, 935.57703, 829.9187, 714.31335, 623.3869, 530.83087, 609.49707, 878.85913, 524.53009, 192.71338, 77.904243, 904.95074, 594.55164, 285.17456, 167.49939, 935.1051, 792.41766, 822.38574, 926.44751, 816.83643, 920.87268]

secondary: [-276.7504, -210.56726, -157.32983, -79.350662, -63.609997, 49.523556, 0.90922415, -110.59553, -119.99809, -90.459862, -143.66916, -120.79389, -236.80241, -372.47592, -444.5845, -381.29898, -297.13504, -438.84134, -200.21288, -137.23532, -194.74051, -121.36381, -345.76761, -342.32043, -296.35864, -208.52855, -50.237797, -37.990196, -2.2888081, 43.425087, -47.019005, -94.169853;
 -35.217449, -173.66974, -293.056, -474.89606, -433.34167, -366.52435, -117.15314, -20.243212, -43.084358, -72.175346, -41.406223, -456.61353, -477.75919, -280.32895, -97.890976, -31.48082, 6.3042603, 4.6850109, -1.7733835, 91.25312, 249.51521, 177.8521, -65.375435, 132.2683, 228.77869, 123.67522, -540.51099, -547.01764, -571.74774, -559.11786, -588.37671, -624.651;
 903.46655, 961.547, 972.47986, 945.59332, 953.1839, 957.849, 951.14551, 797.26929, 882.31616, 972.63385, 737.05713, 948.80316, 921.89465, 823.53058, 733.09399, 707.06781, 739.17029, 783.77686, 895.97546, 545.34076, 236.36865, 97.925156, 910.2215, 600.06323, 260.93271, 181.12981, 923.42694, 776.29218, 803.92944, 910.44073, 798.01978, 902.81226]
=================SVD===================
input: [493791.59, -689989.25, 347050.19;
 -371005.78, 2221210, -1512354;
 220040.88, -1271435.5, 1889890.9]

u: [-0.2258499, -0.44562083, 0.86626434;
 0.75060391, 0.48722062, 0.44632947;
 -0.62095541, 0.75102478, 0.224446]

s: [3577876;
 723307.56;
 333579.88]

v: [-0.14719254, -0.32565564, 0.93396086;
 0.73020631, 0.60114515, 0.32468951;
 -0.66718298, 0.72977591, 0.14931174]

R [3 x 3] : 
[0.98741937, 0.14770482, 0.056448322;
 -0.15153287, 0.98590451, 0.07092461;
 -0.045176707, -0.078586064, 0.99588311]
T [1 x 3] :
[183.25246;
 -14.943764;
 -38.350769]
================TRANSFORMED=================
main: [-33.826099, 8.3643351, 38.165123, 83.655296, 105.70326, 227.63857, 217.87704, 127.38806, 126.83073, 173.03511, 75.233147, 46.629124, -70.197311, -172.30853, -158.1194, -163.72704, -184.81602, -104.23949, 45.262054, 101.59184, 90.15419, 156.04463, -105.14336, -136.44315, -163.12361, -100.62263, 100.80766, 113.26054, 143.27348, 188.26064, 97.395363, 44.613327;
 59.112778, -82.850266, -207.1024, -396.68835, -358.72757, -317.71066, -68.991692, 72.435738, -12.846403, -97.280663, 37.255753, -372.14087, -370.42484, -163.63956, 13.023421, 33.665493, 45.696484, 56.180336, 76.581268, 113.49348, 206.11674, 101.40957, 43.360672, 223.57559, 381.3699, 301.62219, -465.99469, -487.04886, -514.32526, -500.47897, -523.44489, -541.44513;
 892.57898, 955.03467, 968.62024, 952.95129, 957.73322, 951.72021, 946.55817, 822.16638, 838.06256, 852.65155, 742.79218, 955.23517, 935.57703, 829.9187, 714.31335, 623.3869, 530.83087, 609.49707, 878.85913, 524.53009, 192.71338, 77.904243, 904.95074, 594.55164, 285.17456, 167.49939, 935.1051, 792.41766, 822.38574, 926.44751, 816.83643, 920.87268]

secondary_tf: [-44.218857, 3.9601135, 39.511002, 88.132782, 110.2417, 232.08453, 220.53673, 116.06279, 108.20552, 138.17354, 76.880478, 50.092545, -69.09877, -179.45653, -228.81593, -157.98662, -67.488327, -205.1331, 35.872757, 92.00573, 41.159134, 95.212807, -116.44099, -101.35216, -60.856857, 5.8392334, 105.93649, 108.76344, 141.92302, 194.93968, 94.965775, 48.965576;
 56.349983, -86.060341, -211.0556, -404.05588, -364.93408, -315.87115, -63.123726, 38.403233, 23.340759, -3.4104462, 18.279747, -379.52338, -384.70032, -176.4704, 7.9086494, 61.946999, 88.722725, 111.76316, 77.193398, 134.49686, 277.32834, 185.73734, 37.554569, 209.89221, 274.02481, 151.43369, -474.72958, -493.43594, -521.26727, -508.18823, -531.30286, -552.48859;
 876.66656, 942.39844, 960.26324, 944.2547, 947.83728, 942.12128, 918.04449, 762.22339, 849.13995, 940.03754, 705.41644, 947.88678, 927.9917, 820.64661, 719.50287, 685.50586, 710.70459, 761.65656, 863.12036, 503.7735, 186.2341, 50.677361, 888.88165, 564.31256, 216.91742, 141.73482, 926.02075, 779.44971, 807.30377, 910.31885, 804.74603, 914.08783]
Main Body ID: 1
Secondary Body ID: 1
Sync'd capture: mc:184522700us sc:184522755us
Intrinsic parameters:
[609.60645, 0, 638.15588;
 0, 609.1897, 367.69501;
 0, 0, 1]
[609.60645, 0, 638.15588;
 0, 609.1897, 367.69501;
 0, 0, 1]
Extrinsic parameters:
[0.9999980330467224, 0.001932262326590717, -0.0004167522420175374;
 -0.00187870254740119, 0.9946194291114807, 0.1035791113972664;
 0.0006146518862806261, -0.1035781279206276, 0.9946211576461792]
[-32.0385, -2.00111, 4.04659]
[0.9999977946281433, 0.002092007314786315, 0.0001438027829863131;
 -0.002096720738336444, 0.9965370893478394, 0.08312331140041351;
 3.058975926251151e-05, -0.08312343060970306, 0.9965392351150513]
[-32.0826, -2.4019, 3.96007]
1 bodies detected!
[Body IDs] main >> 1 / sub >> 1
determinant: 1
================ORIGINAL=================
main: [24.209076, 60.134499, 94.461861, 154.13338, 173.13304, 287.06448, 323.88266, 295.94565, 214.38823, 130.66777, 336.06927, 115.19151, -1.9654856, -104.44498, -94.479805, -105.04977, -129.37505, -116.85201, 101.34169, 80.019264, 65.27124, 127.68391, -45.344799, -55.412125, -5.5600667, 83.195526, 178.30977, 210.14807, 235.68781, 266.78293, 190.18144, 122.44883;
 89.790672, -62.507809, -186.91554, -376.15515, -336.19922, -273.98959, -24.097115, 83.262337, 93.533035, 66.714195, 127.30767, -353.68185, -359.51041, -158.75847, -14.422909, 74.61821, 164.08139, 68.737671, 114.07852, 408.23282, 685.82764, 690.32971, 67.889244, 388.4993, 592.90692, 548.48712, -445.51611, -475.39771, -501.55057, -481.82047, -510.66196, -522.22314;
 909.58942, 955.53156, 974.03937, 970.33942, 977.41388, 992.43091, 989.3916, 808.71387, 777.23517, 732.20227, 719.88116, 966.39331, 940.08612, 815.80841, 657.17627, 626.47748, 597.65454, 664.64404, 929.78827, 713.13293, 500.9072, 341.49969, 891.37518, 716.04504, 432.0813, 309.7131, 956.9101, 816.66187, 852.46143, 962.3382, 841.04413, 939.14136]

secondary: [-255.21758, -182.67265, -119.20295, -24.117775, -13.001919, 84.393356, 7.7702923, -66.622215, -129.49002, -176.90224, -173.20851, -66.86364, -180.64865, -310.34137, -323.88708, -346.45163, -302.9115, -307.17654, -182.59171, -305.44257, -309.28104, -225.5103, -320.70752, -368.97083, -334.00394, -237.73602, 13.062243, 46.862785, 78.749626, 108.0659, 35.789581, -25.267277;
 -34.501732, -170.57278, -284.31424, -458.74506, -416.54007, -333.0303, -92.88308, -14.124364, -76.502724, -17.459522, -58.399536, -443.64087, -463.80627, -273.68967, -100.13288, -24.727783, -15.49558, -2.7184746, 6.9314427, 188.53421, 295.88705, 220.74651, -71.863846, 179.6701, 254.39232, 172.15514, -521.06433, -527.43384, -551.21631, -537.29651, -568.98895, -606.33228;
 915.06531, 971.20483, 986.88538, 966.56958, 977.87744, 1006.6938, 973.98816, 790.20117, 791.53143, 855.91052, 801.03766, 963.86859, 928.09998, 809.29437, 681.35291, 627.50092, 540.53308, 628.1189, 921.64209, 625.78931, 290.66092, 160.15958, 909.13477, 645.10748, 299.18304, 203.75993, 947.08411, 803.33533, 836.02032, 948.02191, 823.71509, 920.67847]
=================SVD===================
input: [512288.81, -1262103.8, 543201.75;
 -409438.06, 3045638.2, -1200089.4;
 346307.28, -2170869, 1401107.1]

u: [-0.32438436, -0.24824826, 0.91276914;
 0.74366117, 0.5294162, 0.40827265;
 -0.58458775, 0.81122822, 0.012878268]

s: [4423457;
 406627.47;
 312353.5]

v: [-0.15216802, -0.15494213, 0.97613412;
 0.89147311, 0.40492862, 0.20324484;
 -0.42675585, 0.90112472, 0.07650955]

R [3 x 3] : 
[0.97881013, 0.20333855, -0.024166945;
 -0.20418715, 0.96030903, -0.1900373;
 -0.015434167, 0.19094503, 0.98147935]
T [1 x 3] :
[303.18341;
 249.31122;
 66.49823]
================TRANSFORMED=================
main: [24.209076, 60.134499, 94.461861, 154.13338, 173.13304, 287.06448, 323.88266, 295.94565, 214.38823, 130.66777, 336.06927, 115.19151, -1.9654856, -104.44498, -94.479805, -105.04977, -129.37505, -116.85201, 101.34169, 80.019264, 65.27124, 127.68391, -45.344799, -55.412125, -5.5600667, 83.195526, 178.30977, 210.14807, 235.68781, 266.78293, 190.18144, 122.44883;
 89.790672, -62.507809, -186.91554, -376.15515, -336.19922, -273.98959, -24.097115, 83.262337, 93.533035, 66.714195, 127.30767, -353.68185, -359.51041, -158.75847, -14.422909, 74.61821, 164.08139, 68.737671, 114.07852, 408.23282, 685.82764, 690.32971, 67.889244, 388.4993, 592.90692, 548.48712, -445.51611, -475.39771, -501.55057, -481.82047, -510.66196, -522.22314;
 909.58942, 955.53156, 974.03937, 970.33942, 977.41388, 992.43091, 989.3916, 808.71387, 777.23517, 732.20227, 719.88116, 966.39331, 940.08612, 815.80841, 657.17627, 626.47748, 597.65454, 664.64404, 929.78827, 713.13293, 500.9072, 341.49969, 891.37518, 716.04504, 432.0813, 309.7131, 956.9101, 816.66187, 852.46143, 962.3382, 841.04413, 939.14136]

secondary_tf: [24.244019, 66.226486, 104.8443, 162.9371, 182.12604, 293.74188, 268.36401, 216.00414, 141.75243, 105.79477, 102.41167, 124.23355, 9.6236267, -75.791718, -50.667633, -56.119843, -9.5233154, -13.216583, 103.59695, 27.425995, 53.596863, 123.46735, -47.312073, -37.025391, 20.754395, 100.5665, 187.12827, 222.39139, 247.97676, 276.79553, 202.61055, 132.91083;
 94.394516, -61.75708, -186.92365, -369.98553, -333.87433, -279.04218, -26.565918, 99.183167, 51.864685, 106.01093, 76.369537, -346.23938, -335.57361, -103.94385, 89.803833, 177.05731, 193.55988, 190.05614, 118.10406, 373.80646, 541.36902, 476.90607, 73.014557, 374.59467, 504.94983, 424.45401, -433.72003, -419.42072, -454.98151, -468.8847, -460.93842, -502.75916;
 961.96704, 989.96509, 982.65723, 927.94348, 946.9292, 989.65442, 1004.592, 840.39563, 830.76074, 905.95325, 844.22235, 928.8363, 891.63586, 813.33411, 721.11108, 683.00299, 598.73663, 687.20587, 975.21259, 721.41144, 413.04758, 269.32257, 950.02301, 739.65979, 413.87021, 303.02582, 896.34552, 753.52112, 780.56744, 892.70013, 765.75958, 854.73895]
Main Body ID: 1
Secondary Body ID: 1
Sync'd capture: mc:184889366us sc:184889422us
Intrinsic parameters:
[609.60645, 0, 638.15588;
 0, 609.1897, 367.69501;
 0, 0, 1]
[609.60645, 0, 638.15588;
 0, 609.1897, 367.69501;
 0, 0, 1]
Extrinsic parameters:
[0.9999980330467224, 0.001932262326590717, -0.0004167522420175374;
 -0.00187870254740119, 0.9946194291114807, 0.1035791113972664;
 0.0006146518862806261, -0.1035781279206276, 0.9946211576461792]
[-32.0385, -2.00111, 4.04659]
[0.9999977946281433, 0.002092007314786315, 0.0001438027829863131;
 -0.002096720738336444, 0.9965370893478394, 0.08312331140041351;
 3.058975926251151e-05, -0.08312343060970306, 0.9965392351150513]
[-32.0826, -2.4019, 3.96007]
1 bodies detected!
[Body IDs] main >> 1 / sub >> 1
determinant: 1
================ORIGINAL=================
main: [0.92787528, 56.715149, 98.484306, 156.93556, 175.12015, 283.97702, 311.02206, 273.68384, 340.51743, 333.94797, 233.12425, 119.23167, 10.551937, -126.35222, -156.94894, -244.91847, -151.88466, -257.77954, 75.984215, 131.33432, 8.4947424, 28.487492, -66.753731, -104.24456, -129.39558, -61.385521, 180.51207, 208.68492, 238.28619, 270.17575, 195.6274, 137.05508;
 64.278275, -73.990616, -191.99034, -374.19861, -335.686, -274.26236, -33.822433, 92.094498, 128.67967, 157.05505, 60.107735, -352.63687, -356.95645, -200.11238, -52.384346, -68.166824, -75.750999, -19.03747, 89.313957, 154.02464, 378.95609, 334.84424, 41.702503, 319.47989, 558.81006, 497.03601, -440.75626, -455.66647, -479.26987, -463.17065, -493.6441, -520.5564;
 930.54474, 980.85724, 993.39746, 986.10376, 993.5304, 1010.1299, 980.67963, 823.83075, 786.30157, 695.55402, 853.58276, 982.92529, 942.61224, 807.19983, 665.22333, 684.59454, 676.6424, 673.85303, 916.12421, 573.43842, 353.90134, 195.9196, 943.54834, 729.42078, 487.80692, 366.68243, 971.76978, 833.66809, 865.35327, 971.30981, 855.33978, 951.25708]

secondary: [-239.99052, -172.16623, -109.55242, -22.614077, -10.20088, 97.004425, 25.399469, -72.291183, -131.86656, -158.97095, -153.92908, -64.098335, -169.02321, -332.20245, -396.01117, -359.211, -355.83057, -376.00244, -167.85358, -97.782677, -149.27963, -58.377518, -305.03958, -299.05505, -274.65164, -171.28909, 12.394112, 57.196537, 85.242012, 105.8448, 42.95406, -26.818262;
 -27.853325, -158.35916, -271.06934, -449.26868, -407.78748, -339.45654, -98.81842, 0.70482492, -0.72543859, -48.881405, -57.749699, -432.16962, -453.7041, -309.32043, -149.21751, -61.807232, 9.4516277, -83.870911, 13.522305, 102.33798, 242.93312, 175.10426, -65.163551, 70.53688, 165.02597, 71.506882, -513.17896, -519.46594, -544.71198, -533.14081, -560.53931, -596.16608;
 907.46155, 978.4436, 998.97534, 985.461, 997.22266, 1028.2305, 997.32483, 837.237, 902.18585, 820.1499, 873.01154, 980.03394, 925.08698, 787.39478, 658.86304, 655.29608, 589.24164, 606.41986, 914.6059, 566.04242, 249.43768, 120.81319, 901.0191, 561.08478, 220.8967, 146.97581, 968.69037, 828.72766, 863.38672, 977.00104, 847.51849, 938.33154]
=================SVD===================
input: [667267.31, -724718, 343873.62;
 -498370.84, 2279838.2, -1151372.6;
 744700.44, -1843499.9, 1680945]

u: [-0.25087154, -0.29687738, -0.92137247;
 0.68404931, -0.72783715, 0.048264831;
 -0.68493789, -0.61815596, 0.38567245]

s: [3763333;
 521677.22;
 451916.31]

v: [-0.27060643, -0.56683475, -0.7781198;
 0.79823273, -0.58393967, 0.14777979;
 -0.53814179, -0.58113056, 0.61048388]

R [3 x 3] : 
[0.95310605, 0.18989943, 0.23564151;
 -0.16305563, 0.97817612, -0.12877947;
 -0.25495407, 0.084317796, 0.96326983]
T [1 x 3] :
[60.030838;
 181.18314;
 36.372192]
================TRANSFORMED=================
main: [0.92787528, 56.715149, 98.484306, 156.93556, 175.12015, 283.97702, 311.02206, 273.68384, 340.51743, 333.94797, 233.12425, 119.23167, 10.551937, -126.35222, -156.94894, -244.91847, -151.88466, -257.77954, 75.984215, 131.33432, 8.4947424, 28.487492, -66.753731, -104.24456, -129.39558, -61.385521, 180.51207, 208.68492, 238.28619, 270.17575, 195.6274, 137.05508;
 64.278275, -73.990616, -191.99034, -374.19861, -335.686, -274.26236, -33.822433, 92.094498, 128.67967, 157.05505, 60.107735, -352.63687, -356.95645, -200.11238, -52.384346, -68.166824, -75.750999, -19.03747, 89.313957, 154.02464, 378.95609, 334.84424, 41.702503, 319.47989, 558.81006, 497.03601, -440.75626, -455.66647, -479.26987, -463.17065, -493.6441, -520.5564;
 930.54474, 980.85724, 993.39746, 986.10376, 993.5304, 1010.1299, 980.67963, 823.83075, 786.30157, 695.55402, 853.58276, 982.92529, 942.61224, 807.19983, 665.22333, 684.59454, 676.6424, 673.85303, 916.12421, 573.43842, 353.90134, 195.9196, 943.54834, 729.42078, 487.80692, 366.68243, 971.76978, 833.66809, 865.35327, 971.30981, 855.33978, 951.25708]

secondary_tf: [39.840683, 96.42778, 139.5399, 185.37688, 207.85677, 330.3175, 300.4848, 188.55132, 146.8027, 92.493484, 108.07123, 147.80624, 30.764542, -129.79022, -190.49066, -139.65753, -138.46877, -171.36871, 118.13557, 119.65059, 22.662243, 66.111679, -30.761246, -79.390564, -118.35052, -55.013107, 202.65501, 211.18156, 241.28477, 289.89105, 194.23506, 142.36845;
 76.207062, -71.650787, -194.75479, -381.50058, -344.46335, -299.09723, -48.055176, 85.841125, 85.792099, 53.671158, 37.366791, -357.31149, -354.19144, -168.61954, 14.945953, 94.907471, 172.56644, 82.357498, 103.99734, 224.33707, 411.03296, 346.42645, 51.147369, 226.68704, 358.94415, 260.13165, -447.56467, -442.99533, -476.72672, -483.39877, -483.26993, -518.43726;
 969.34052, 1009.4194, 1003.7299, 953.52124, 965.18372, 973.48169, 982.25726, 861.34772, 938.97937, 862.80652, 911.69336, 960.31183, 932.31842, 853.461, 759.41809, 753.96997, 695.48828, 709.30969, 961.31958, 615.1828, 335.19101, 182.39589, 976.5733, 659.04102, 333.09351, 227.64972, 923.05237, 776.27783, 800.38489, 905.54895, 794.54639, 896.80865]
Main Body ID: 1
Secondary Body ID: 1
Sync'd capture: mc:185222711us sc:185222766us
Intrinsic parameters:
[609.60645, 0, 638.15588;
 0, 609.1897, 367.69501;
 0, 0, 1]
[609.60645, 0, 638.15588;
 0, 609.1897, 367.69501;
 0, 0, 1]
Extrinsic parameters:
[0.9999980330467224, 0.001932262326590717, -0.0004167522420175374;
 -0.00187870254740119, 0.9946194291114807, 0.1035791113972664;
 0.0006146518862806261, -0.1035781279206276, 0.9946211576461792]
[-32.0385, -2.00111, 4.04659]
[0.9999977946281433, 0.002092007314786315, 0.0001438027829863131;
 -0.002096720738336444, 0.9965370893478394, 0.08312331140041351;
 3.058975926251151e-05, -0.08312343060970306, 0.9965392351150513]
[-32.0826, -2.4019, 3.96007]
1 bodies detected!
[Body IDs] main >> 1 / sub >> 1
determinant: 1
================ORIGINAL=================
main: [-15.700018, 16.351002, 43.873192, 84.349129, 106.92094, 227.43723, 251.16441, 250.82085, 279.56302, 372.38318, 321.52753, 48.109554, -59.29438, -194.06822, -341.08066, -269.62424, -195.53854, -295.3587, 65.470879, 138.05875, 180.996, 257.5993, -88.895393, -116.94627, -148.07275, -68.503677, 101.85141, 133.13884, 157.55557, 188.73401, 111.97475, 43.726093;
 63.986652, -73.499153, -197.80812, -390.43814, -353.5238, -309.47565, -59.369534, 145.41022, 76.457092, 44.215576, 63.718735, -363.944, -368.60889, -261.86066, -198.81952, -169.27202, -176.9126, -235.73441, 81.432625, 187.61949, 318.12619, 193.27286, 48.254856, 132.19484, 240.16985, 126.75345, -460.23019, -486.7655, -514.74915, -499.50195, -521.94647, -534.1792;
 868.55353, 949.07153, 974.97137, 955.74097, 966.76428, 988.98535, 973.01611, 920.99518, 875.0177, 869.1908, 850.15204, 952.94879, 900.08301, 709.73486, 567.6377, 513.40247, 451.6442, 447.90546, 866.03186, 524.77979, 204.47177, 116.90601, 870.82739, 517.44556, 183.6575, 109.77258, 936.76508, 796.25049, 831.18677, 941.33185, 819.39532, 916.54474]

secondary: [-248.27469, -203.01106, -159.90424, -90.095963, -72.957802, 45.065826, 20.031073, -99.748024, -150.28835, -135.26096, -96.866783, -130.53874, -232.77888, -430.50662, -392.04239, -362.38126, -345.20261, -448.02686, -169.23911, -84.78138, -28.591934, 44.977154, -319.54456, -325.64911, -329.6152, -295.07562, -62.080898, -27.834169, 0.012758654, 29.996946, -45.198212, -112.48739;
 -17.042299, -161.84103, -285.85452, -471.54581, -431.75394, -376.93646, -122.62791, -23.638382, -36.915138, -97.590744, -45.577011, -450.37717, -484.49814, -324.3775, -122.41733, -83.171883, -55.194206, -177.99731, 11.251932, 90.592506, 192.07245, 107.32158, -42.556454, 66.2276, 122.049, 5.7138281, -537.68689, -553.99353, -581.18439, -567.75818, -592.96277, -617.72937;
 903.8631, 968.73566, 981.45868, 950.4552, 963.78882, 987.12238, 991.32831, 843.45648, 771.34344, 849.31305, 740.33301, 949.25427, 892.90155, 837.42889, 767.30817, 685.00085, 592.4223, 702.68207, 911.87158, 560.22681, 225.93961, 93.941528, 896.64148, 543.20709, 190.05057, 86.688332, 927.04749, 783.35797, 817.48798, 930.03473, 805.0238, 902.70593]
=================SVD===================
input: [733019.5, -235949.09, 431833.34;
 -123491.95, 1979673.4, -1312314.9;
 206830.94, -1256209.5, 2148520.5]

u: [0.16196491, -0.53150403, 0.83142692;
 -0.6771518, -0.67273623, -0.29814669;
 0.71779722, -0.51471293, -0.46886858]

s: [3402566.5;
 829902;
 637794.62]

v: [0.10310125, -0.49762976, 0.86124021;
 -0.6702171, -0.67454129, -0.3095206;
 0.73496884, -0.54530603, -0.4030661]

R [3 x 3] : 
[0.99724931, 0.0081824474, -0.073666207;
 -0.0073739914, 0.99990964, 0.011239643;
 0.073751509, -0.010665528, 0.99721968]
T [1 x 3] :
[270.57407;
 59.476822;
 -9.3034058]
================TRANSFORMED=================
main: [-15.700018, 16.351002, 43.873192, 84.349129, 106.92094, 227.43723, 251.16441, 250.82085, 279.56302, 372.38318, 321.52753, 48.109554, -59.29438, -194.06822, -341.08066, -269.62424, -195.53854, -295.3587, 65.470879, 138.05875, 180.996, 257.5993, -88.895393, -116.94627, -148.07275, -68.503677, 101.85141, 133.13884, 157.55557, 188.73401, 111.97475, 43.726093;
 63.986652, -73.499153, -197.80812, -390.43814, -353.5238, -309.47565, -59.369534, 145.41022, 76.457092, 44.215576, 63.718735, -363.944, -368.60889, -261.86066, -198.81952, -169.27202, -176.9126, -235.73441, 81.432625, 187.61949, 318.12619, 193.27286, 48.254856, 132.19484, 240.16985, 126.75345, -460.23019, -486.7655, -514.74915, -499.50195, -521.94647, -534.1792;
 868.55353, 949.07153, 974.97137, 955.74097, 966.76428, 988.98535, 973.01611, 920.99518, 875.0177, 869.1908, 850.15204, 952.94879, 900.08301, 709.73486, 567.6377, 513.40247, 451.6442, 447.90546, 866.03186, 524.77979, 204.47177, 116.90601, 870.82739, 517.44556, 183.6575, 109.77258, 936.76508, 796.25049, 831.18677, 941.33185, 819.39532, 916.54474]

secondary_tf: [-43.741302, -4.5658875, 36.470352, 106.8511, 123.28548, 239.71411, 216.51924, 108.77277, 63.575104, 72.320953, 119.06328, 66.78125, -31.305573, -223.09277, -177.91629, -141.95236, -117.77213, -229.44077, 34.718445, 145.49738, 226.98828, 309.38535, -114.49191, -93.653412, -71.136108, -30.029114, 135.97226, 180.57642, 205.61005, 227.33072, 161.34525, 86.842636;
 54.425934, -89.96434, -214.14149, -400.67926, -360.86749, -306.66296, -52.145554, 46.056267, 32.342869, -27.561714, 22.939304, -379.22778, -413.2251, -252.28441, -51.414261, -13.316185, 13.491737, -107.30278, 82.224815, 156.98306, 254.28223, 167.51291, 29.358463, 134.20523, 186.08148, 68.340363, -467.28406, -485.45673, -512.46692, -497.99799, -524.0509, -547.22113;
 873.91785, 943.49255, 960.68213, 936.8938, 951.02991, 982.41833, 982.05389, 824.70355, 749.2052, 828.71344, 722.31329, 932.48773, 869.11523, 797.50635, 728.26331, 647.9538, 556.60126, 660.28076, 887.43127, 542.14679, 211.85075, 86.549431, 861.73218, 507.66992, 154.60742, 55.320694, 916.32269, 775.73242, 812.11127, 926.41327, 796.47302, 889.185]
Main Body ID: 1
Secondary Body ID: 1
Sync'd capture: mc:185589366us sc:185589433us
Intrinsic parameters:
[609.60645, 0, 638.15588;
 0, 609.1897, 367.69501;
 0, 0, 1]
[609.60645, 0, 638.15588;
 0, 609.1897, 367.69501;
 0, 0, 1]
Extrinsic parameters:
[0.9999980330467224, 0.001932262326590717, -0.0004167522420175374;
 -0.00187870254740119, 0.9946194291114807, 0.1035791113972664;
 0.0006146518862806261, -0.1035781279206276, 0.9946211576461792]
[-32.0385, -2.00111, 4.04659]
[0.9999977946281433, 0.002092007314786315, 0.0001438027829863131;
 -0.002096720738336444, 0.9965370893478394, 0.08312331140041351;
 3.058975926251151e-05, -0.08312343060970306, 0.9965392351150513]
[-32.0826, -2.4019, 3.96007]
1 bodies detected!
[Body IDs] main >> 1 / sub >> 1
determinant: 1
================ORIGINAL=================
main: [-23.112043, -15.781862, -8.6354485, 1.4075618, 29.864613, 157.15131, 219.89053, 147.72408, 168.62048, 263.9747, 141.758, -30.55061, -139.58679, -266.98965, -195.88831, -274.47034, -204.79744, -277.88632, 59.5811, 124.22291, 198.3022, 272.30377, -97.680084, -146.09718, -195.08293, -169.17545, 6.9318542, 19.977667, 40.632549, 83.301514, -6.1283436, -66.908699;
 75.05703, -72.825493, -201.68697, -395.58542, -363.26642, -339.33398, -96.817177, 48.001469, 55.423641, 71.771278, -27.740591, -364.17239, -361.70691, -222.75363, -89.364487, -123.63214, -178.53737, -157.19215, 79.765678, 165.2549, 228.30904, 118.34936, 70.811035, 143.24736, 203.18579, 87.130836, -465.33704, -495.59067, -528.59296, -522.10632, -525.74756, -524.7348;
 867.56189, 933.49554, 945.05115, 910.32568, 921.66528, 931.25659, 947.94397, 812.96362, 897.58807, 880.94208, 833.36761, 912.33136, 863.54889, 690.64142, 540.03168, 501.0062, 463.03601, 491.29718, 868.92944, 521.37683, 187.67986, 80.910797, 866.32867, 513.61926, 171.01129, 69.126602, 885.59406, 743.37506, 776.08594, 882.86517, 768.2417, 870.58118]

secondary: [-261.96689, -246.28723, -225.18089, -179.77151, -157.79123, -31.862617, -11.351818, -110.75206, -135.13637, -167.16054, -111.35924, -217.11549, -320.41977, -409.5871, -302.89877, -356.27716, -339.66101, -399.75519, -179.53456, -91.940399, -20.481215, 53.104401, -336.29974, -358.77228, -390.02377, -379.04407, -160.01379, -128.52168, -105.79538, -74.101181, -152.57695, -223.8129;
 -1.5525256, -157.14093, -288.05484, -479.06647, -443.18494, -409.26892, -154.54614, -31.599283, -81.1492, -62.686951, -30.771307, -452.36386, -471.50952, -234.62627, -46.983837, -94.99839, -48.505642, -133.18593, 11.924259, 98.448174, 198.91145, 111.53774, -13.705136, 67.010376, 98.569397, -20.473227, -546.42126, -558.20502, -592.3526, -592.37433, -595.21564, -614.94427;
 881.34784, 936.69617, 938.37885, 891.45007, 908.95459, 934.62311, 961.3847, 814.71802, 744.24463, 837.66699, 677.63489, 891.29852, 828.73761, 761.82178, 728.651, 664.31714, 578.79022, 722.51257, 895.87982, 544.59796, 210.90332, 79.401176, 868.24377, 505.97327, 149.24466, 42.508884, 862.43597, 716.85913, 748.88971, 862.42194, 735.98315, 832.8197]
=================SVD===================
input: [576981.06, -103376, 209934.14;
 55422.566, 1921946.6, -1214128.5;
 97779.641, -1010396.9, 2034627.2]

u: [0.077003375, -0.24583335, 0.96624863;
 -0.70431983, -0.69935548, -0.12180085;
 0.70569402, -0.67116898, -0.22699802]

s: [3103636.5;
 890878.75;
 550156]

v: [0.023970842, -0.27638775, 0.96074724;
 -0.66846001, -0.71902466, -0.19017075;
 0.74336183, -0.63766247, -0.20198973]

R [3 x 3] : 
[0.99811184, 0.059390321, -0.015668752;
 -0.058465663, 0.99682647, 0.0540272;
 0.018827777, -0.053009216, 0.99841654]
T [1 x 3] :
[221.35638;
 7.0528412;
 -12.461731]
================TRANSFORMED=================
main: [-23.112043, -15.781862, -8.6354485, 1.4075618, 29.864613, 157.15131, 219.89053, 147.72408, 168.62048, 263.9747, 141.758, -30.55061, -139.58679, -266.98965, -195.88831, -274.47034, -204.79744, -277.88632, 59.5811, 124.22291, 198.3022, 272.30377, -97.680084, -146.09718, -195.08293, -169.17545, 6.9318542, 19.977667, 40.632549, 83.301514, -6.1283436, -66.908699;
 75.05703, -72.825493, -201.68697, -395.58542, -363.26642, -339.33398, -96.817177, 48.001469, 55.423641, 71.771278, -27.740591, -364.17239, -361.70691, -222.75363, -89.364487, -123.63214, -178.53737, -157.19215, 79.765678, 165.2549, 228.30904, 118.34936, 70.811035, 143.24736, 203.18579, 87.130836, -465.33704, -495.59067, -528.59296, -522.10632, -525.74756, -524.7348;
 867.56189, 933.49554, 945.05115, 910.32568, 921.66528, 931.25659, 947.94397, 812.96362, 897.58807, 880.94208, 833.36761, 912.33136, 863.54889, 690.64142, 540.03168, 501.0062, 463.03601, 491.29718, 868.92944, 521.37683, 187.67986, 80.910797, 866.32867, 513.61926, 171.01129, 69.126602, 885.59406, 743.37506, 776.08594, 882.86517, 768.2417, 870.58118]

secondary_tf: [-54.0177, -48.475342, -35.210236, -0.49552917, 23.300003, 150.60294, 185.78375, 96.171127, 69.994324, 37.663284, 97.762207, -36.180756, -139.44678, -213.32867, -95.177887, -150.2991, -129.61298, -196.87482, 28.83168, 126.90328, 209.42267, 279.74066, -128.72665, -140.68668, -164.41537, -158.85394, 15.679291, 48.693115, 68.846588, 98.700745, 22.185532, -51.604919;
 68.438065, -84.582977, -216.22452, -411.82025, -376.39197, -348.55933, -94.398224, 26.045965, -25.728535, -0.40521622, 19.500595, -383.02728, -399.45239, -161.72295, 17.29426, -30.922894, 9.8300552, -63.303139, 77.837746, 139.98705, 217.925, 119.42166, 59.961964, 122.16273, 136.1757, 11.102285, -481.68408, -503.13672, -536.77411, -532.51489, -537.59021, -547.85956;
 862.64056, 926.44409, 935.46112, 899.58704, 915.57562, 941.77655, 955.37927, 800.55603, 732.36176, 824.05457, 663.6347, 897.31714, 833.92517, 752.87952, 711.82312, 649.13135, 561.5882, 708.44037, 877.98718, 524.32416, 187.17789, 61.901031, 848.80194, 482.40332, 123.97824, 23.928555, 874.56128, 730.4325, 764.65039, 878.60077, 751.03522, 847.42303]
Main Body ID: 1
Secondary Body ID: 1
Sync'd capture: mc:185956033us sc:185956088us
Intrinsic parameters:
[609.60645, 0, 638.15588;
 0, 609.1897, 367.69501;
 0, 0, 1]
[609.60645, 0, 638.15588;
 0, 609.1897, 367.69501;
 0, 0, 1]
Extrinsic parameters:
[0.9999980330467224, 0.001932262326590717, -0.0004167522420175374;
 -0.00187870254740119, 0.9946194291114807, 0.1035791113972664;
 0.0006146518862806261, -0.1035781279206276, 0.9946211576461792]
[-32.0385, -2.00111, 4.04659]
[0.9999977946281433, 0.002092007314786315, 0.0001438027829863131;
 -0.002096720738336444, 0.9965370893478394, 0.08312331140041351;
 3.058975926251151e-05, -0.08312343060970306, 0.9965392351150513]
[-32.0826, -2.4019, 3.96007]
1 bodies detected!
[Body IDs] main >> 1 / sub >> 1
determinant: 1
================ORIGINAL=================
main: [-23.136812, -39.402031, -53.611271, -68.56012, -35.885021, 92.946602, 178.17876, 97.144287, 40.46199, 119.65405, 39.538403, -96.382774, -207.43877, -326.68228, -200.33165, -257.14685, -205.05251, -256.20297, 59.027367, 103.43777, 178.9989, 237.18065, -97.227867, -172.76285, -244.38861, -253.15138, -72.914673, -75.223373, -55.802242, -4.0487323, -102.34002, -153.79112;
 74.366859, -76.905899, -205.43068, -395.71259, -367.73477, -353.60193, -120.8112, 11.978165, 42.368656, -1.1096187, 10.478724, -361.26926, -346.76233, -180.42798, -53.905293, -102.99031, -168.37979, -143.55663, 65.279648, 175.34882, 203.2151, 79.294594, 82.561195, 146.60594, 211.01337, 102.08938, -463.45978, -486.1246, -523.02258, -527.70703, -514.7063, -513.43634;
 864.98871, 919.89142, 920.52661, 872.43408, 883.58508, 883.34009, 919.59143, 778.10583, 719.07068, 756.95782, 814.5224, 879.02344, 838.13104, 685.54797, 569.91113, 513.35455, 465.57599, 514.25372, 864.29236, 521.29236, 183.89795, 83.366234, 865.61664, 516.83911, 179.81216, 68.104897, 842.83344, 698.94049, 727.8631, 830.37982, 724.39667, 831.45557]

secondary: [-259.97449, -263.3132, -260.78061, -242.43758, -216.13747, -91.875542, -48.243572, -122.77289, -115.18936, -203.62531, -143.36423, -274.99469, -381.93387, -423.17859, -314.26456, -354.31711, -340.58652, -400.68533, -179.48407, -109.93881, -45.144184, 8.3598757, -332.55621, -403.11682, -487.85297, -512.17816, -233.76599, -223.12093, -202.29115, -158.9037, -248.16864, -306.03439;
 -17.784126, -169.55138, -296.108, -480.80707, -449.39984, -425.41821, -191.18056, -11.719197, -65.155266, -27.787737, -1.8299408, -451.707, -461.1286, -216.90459, -43.946983, -92.836815, -49.786522, -134.84837, -16.700029, 80.518913, 177.04129, 84.461746, -18.761703, 87.411301, 149.80251, 39.963165, -545.95001, -559.12604, -594.80542, -600.40979, -591.39264, -602.35052;
 866.12183, 911.98859, 904.93292, 852.09784, 866.93396, 878.34167, 938.05786, 869.18994, 802.75757, 799.9433, 762.3396, 856.5033, 810.2403, 774.25171, 731.70642, 664.63165, 581.73956, 722.21777, 875.56812, 540.39349, 220.79662, 93.140274, 857.6037, 525.78125, 198.6264, 94.622742, 821.22015, 679.39435, 707.11505, 810.96167, 700.52319, 800.99695]
=================SVD===================
input: [545093.56, -12654.197, 193783.19;
 171801.38, 1914770.1, -1159705.1;
 51476.906, -827008.81, 1785353.1]

u: [0.046924539, -0.34586865, 0.93710887;
 -0.75929999, -0.62191999, -0.19151756;
 0.64904666, -0.70255989, -0.29180142]

s: [2857666;
 914651.81;
 496844.34]

v: [-0.025006289, -0.36248016, 0.93165594;
 -0.6968087, -0.66192847, -0.27623987;
 0.71682107, -0.65609372, -0.23602691]

R [3 x 3] : 
[0.99726015, 0.06599246, -0.033424754;
 -0.062623955, 0.99365819, 0.093390226;
 0.03937583, -0.09104114, 0.99506843]
T [1 x 3] :
[224.90363;
 -26.340767;
 -29.769653]
================TRANSFORMED=================
main: [-23.136812, -39.402031, -53.611271, -68.56012, -35.885021, 92.946602, 178.17876, 97.144287, 40.46199, 119.65405, 39.538403, -96.382774, -207.43877, -326.68228, -200.33165, -257.14685, -205.05251, -256.20297, 59.027367, 103.43777, 178.9989, 237.18065, -97.227867, -172.76285, -244.38861, -253.15138, -72.914673, -75.223373, -55.802242, -4.0487323, -102.34002, -153.79112;
 74.366859, -76.905899, -205.43068, -395.71259, -367.73477, -353.60193, -120.8112, 11.978165, 42.368656, -1.1096187, 10.478724, -361.26926, -346.76233, -180.42798, -53.905293, -102.99031, -168.37979, -143.55663, 65.279648, 175.34882, 203.2151, 79.294594, 82.561195, 146.60594, 211.01337, 102.08938, -463.45978, -486.1246, -523.02258, -527.70703, -514.7063, -513.43634;
 864.98871, 919.89142, 920.52661, 872.43408, 883.58508, 883.34009, 919.59143, 778.10583, 719.07068, 756.95782, 814.5224, 879.02344, 838.13104, 685.54797, 569.91113, 513.35455, 465.57599, 514.25372, 864.29236, 521.29236, 183.89795, 83.366234, 865.61664, 516.83911, 179.81216, 68.104897, 842.83344, 698.94049, 727.8631, 830.37982, 724.39667, 831.45557]

secondary_tf: [-64.482117, -79.36026, -84.950531, -77.080505, -49.275726, 75.847061, 132.82141, 72.641281, 78.898132, -6.7354736, 56.330414, -107.7753, -213.49689, -237.30875, -115.85718, -156.78439, -137.47974, -207.72284, 15.543579, 102.51715, 184.18645, 235.70125, -136.64474, -188.91431, -258.36591, -286.39673, -71.699524, -57.212677, -39.7211, -0.29342651, -85.027344, -146.81598;
 53.15583, -93.156349, -219.72787, -409.33862, -378.39206, -361.2789, -125.68224, 50.876724, -8.8995056, 33.506428, 52.014, -377.97281, -384.95825, -143.06113, 18.005669, -34.329994, -0.1538868, -67.793381, 50.074615, 111.01978, 173.02512, 65.760201, 55.934303, 134.8638, 171.61276, 54.280418, -477.49515, -504.49939, -538.66809, -537.2558, -533.01959, -530.90088;
